105.224
5915.953
7161.281
13005.998
24104.611
35950.07
48638.737
69688.405
72686.808
91871.024
104948.355
138009.688
136611.018
174669.699
163042.923
174593.804
214679.341
241862.309
251045.893
228357.791
279430.616
259972.673
270978.142
285410.63
331057.885
327352.714
340285.345
355270.31
431470.855
377627.928
466245.728
482444.031
412227.044
433528.84
441755.445
500244.044
431384.312
526453.048
540726.265
577739.159
516979.591
628862.079
643118.269
649456.992
665573.244
599813.802
681332.27
630125.14
617140.753
644219.091
699795.754
