72.836
4565.83
9439.459
14595.563
19332.667
29921.898
46320.795
58748.019
88404.454
108097.599
122997.583
124164.794
151147.52
148189.637
186397.912
202362.024
182874.679
205594.264
219026.274
266389.098
239404.565
287919.686
299620.172
308608.504
295812.643
355845.42
363591.581
378781.767
365383.299
454588.856
391350.058
401836.644
492821.575
520542.691
533879.359
456639.136
508107.751
443176.23
452166.848
464681.489
623501.589
559429.257
571813.452
582093.817
593292.524
681107.15
637386.312
673824.057
631130.677
603849.554
